{ "M" : 1.0,
  "a" : 0.0,
  "E" : 0.967470929795827,
  "Lz" : 4.0,
  "C" : 0.0,
  "mu" : 1.0,
  "t" : 0.0,
  "r" : 20.0,
  "theta" : 1.570796327,
  "phi" : 0.0,
  "time" : 5000.0,
  "step" : 1.0,
  "integratorOrder" : 2
}
