{ "M" : 1.0,
  "a" : 1.0,
  "E" : 0.962250448649377,
  "Lz" : 2.4,
  "C" : 3.0,
  "t" : 0.0,
  "r" : 12.0,
  "theta" : 1.570796327,
  "phi" : 0.0,
  "time" : 1000.0,
  "step" : 0.0625,
  "integratorOrder" : 2
}
